[FOLD 1] 14: 0.5215373968673964 0.8050847457627118 0.5001359187950523 0.7542372881355932
[FOLD 2] 14: 0.474469435417046 0.7796610169491526 0.4511395864567514 0.788135593220339
[FOLD 3] 14: 0.43542318323911244 0.8135593220338984 0.5341320957167673 0.7542372881355932
[FOLD 4] 14: 0.5126838330495156 0.7966101694915254 0.4174737445378708 0.8050847457627118
[FOLD 5] 14: 0.40799769001492 0.8389830508474576 0.5261884806519848 0.7711864406779662
[FOLD 6] 14: 0.5106184300729784 0.8220338983050848 0.4597526606866869 0.7457627118644068
[FOLD 7] 14: 0.49110310259511913 0.8050847457627118 0.41296692217810677 0.8220338983050848
[FOLD 8] 14: 0.372392890817028 0.864406779661017 0.4249518804061107 0.7863247863247863
[FOLD 9] 14: 0.43614206966171915 0.8290598290598291 0.5128425054061108 0.7521367521367521
[FOLD 10] 14: 0.464246914936946 0.811965811965812 0.6082299321384753 0.7457627118644068
