[FOLD 1] 0: 0.5981995718819755 0.7321428571428571 0.5039712701525006 0.7142857142857143
[FOLD 2] 0: 0.4795755318232945 0.7857142857142857 0.4785815647670201 0.7857142857142857
[FOLD 3] 0: 0.43339524950299946 0.8214285714285714 0.5095293543360255 0.7657657657657657
[FOLD 4] 0: 0.48706209337389145 0.8108108108108109 0.47781564523507886 0.7657657657657657
[FOLD 5] 0: 0.4287122434323972 0.8378378378378378 0.43270781233504013 0.7657657657657657
[FOLD 6] 0: 0.4230286881730363 0.8108108108108109 0.5776918428438204 0.7657657657657657
[FOLD 7] 0: 0.524394095480979 0.7837837837837838 0.5361813038319081 0.7297297297297297
[FOLD 8] 0: 0.45688776926951363 0.8288288288288288 0.6066674584740991 0.7297297297297297
[FOLD 9] 0: 0.5177984839087134 0.7927927927927928 0.5048755267718891 0.7477477477477478
[FOLD 10] 0: 0.452265215349627 0.7927927927927928 0.6726162774222237 0.6607142857142857
