[FOLD 1] 17: 0.5492703914642334 0.7857142857142857 0.56086836542402 0.6875
[FOLD 2] 17: 0.5345758029392788 0.7321428571428571 0.5548419611794608 0.7053571428571429
[FOLD 3] 17: 0.5053088324410575 0.8035714285714286 0.45995904733468823 0.7747747747747747
[FOLD 4] 17: 0.43217808491474874 0.8558558558558559 0.4581427703032622 0.8018018018018018
[FOLD 5] 17: 0.43795779803851703 0.8288288288288288 0.5035605903144356 0.7207207207207207
[FOLD 6] 17: 0.4768495989275408 0.7747747747747747 0.512735315271326 0.7657657657657657
[FOLD 7] 17: 0.4517153490771044 0.8018018018018018 0.4952783326844911 0.7387387387387387
[FOLD 8] 17: 0.47874498796892595 0.8288288288288288 0.5965956954268722 0.7117117117117117
[FOLD 9] 17: 0.568092105624912 0.7657657657657657 0.46444698711773297 0.8108108108108109
[FOLD 10] 17: 0.43213124318165824 0.8288288288288288 0.6318058286394391 0.7053571428571429
