[FOLD 1] 12: 0.4403585821895276 0.8389830508474576 0.507635944980686 0.7288135593220338
[FOLD 2] 12: 0.4846173747111175 0.7711864406779662 0.47987180443133337 0.7796610169491526
[FOLD 3] 12: 0.4226884215565051 0.864406779661017 0.49575800865383474 0.7457627118644068
[FOLD 4] 12: 0.3889838396492651 0.847457627118644 0.5915915551832167 0.7711864406779662
[FOLD 5] 12: 0.478950275202929 0.8389830508474576 0.540234582909083 0.7372881355932204
[FOLD 6] 12: 0.5013203681525538 0.788135593220339 0.489530660338321 0.7372881355932204
[FOLD 7] 12: 0.4354220679250814 0.8220338983050848 0.4159383783906193 0.7966101694915254
[FOLD 8] 12: 0.388876222957999 0.864406779661017 0.5271497333151662 0.7606837606837606
[FOLD 9] 12: 0.5242559869065244 0.811965811965812 0.5487139714069855 0.7094017094017094
[FOLD 10] 12: 0.5492372278474335 0.7692307692307693 0.47591601792028393 0.8050847457627118
