[FOLD 1] 10: 0.4626087801797049 0.8214285714285714 0.6064708573477608 0.7678571428571429
[FOLD 2] 10: 0.5033726692199707 0.7946428571428571 0.5598649978637695 0.75
[FOLD 3] 10: 0.5037900720323835 0.7946428571428571 0.49163825232703406 0.8018018018018018
[FOLD 4] 10: 0.47595830006642387 0.8108108108108109 0.567689053647153 0.7567567567567568
[FOLD 5] 10: 0.46434027869422156 0.8018018018018018 0.4452879278509467 0.7567567567567568
[FOLD 6] 10: 0.4305545360118419 0.8198198198198198 0.4103869532679652 0.7837837837837838
[FOLD 7] 10: 0.4207615551647839 0.8288288288288288 0.5884764387800887 0.7657657657657657
[FOLD 8] 10: 0.46288849426819395 0.7927927927927928 0.6570430446315456 0.6666666666666666
[FOLD 9] 10: 0.5980276159338049 0.7297297297297297 0.6064384391715935 0.6846846846846847
[FOLD 10] 10: 0.5110060889441688 0.7567567567567568 0.5016483919961112 0.7589285714285714
