[FOLD 1] 18: 0.4745526596651239 0.847457627118644 0.4758519237324343 0.7796610169491526
[FOLD 2] 18: 0.4398551765134779 0.7966101694915254 0.46913706044019277 0.7627118644067796
[FOLD 3] 18: 0.44148915298914504 0.8220338983050848 0.5416210425102105 0.7542372881355932
[FOLD 4] 18: 0.510958619036917 0.7627118644067796 0.44950509980573494 0.7966101694915254
[FOLD 5] 18: 0.4646011762699838 0.8135593220338984 0.5138616965988935 0.8050847457627118
[FOLD 6] 18: 0.457926402657719 0.8220338983050848 0.40777684167280037 0.8559322033898306
[FOLD 7] 18: 0.3816307904356617 0.8898305084745762 0.512681851952763 0.8050847457627118
[FOLD 8] 18: 0.41705214371115473 0.8389830508474576 0.580291915143657 0.717948717948718
[FOLD 9] 18: 0.49247309489127916 0.7863247863247863 0.5219035821083264 0.7606837606837606
[FOLD 10] 18: 0.49162928263346356 0.8205128205128205 0.4913592358766976 0.7966101694915254
