[FOLD 1] 13: 0.5030820710318429 0.8035714285714286 0.5175285339355469 0.75
[FOLD 2] 13: 0.4927351474761963 0.8035714285714286 0.714275768824986 0.75
[FOLD 3] 13: 0.5234968662261963 0.8035714285714286 0.667052191656989 0.5585585585585585
[FOLD 4] 13: 0.4719644494958826 0.7837837837837838 0.5263370823215794 0.7747747747747747
[FOLD 5] 13: 0.4762650223465653 0.7927927927927928 0.5921366236231349 0.7477477477477478
[FOLD 6] 13: 0.5247980409914309 0.7837837837837838 0.5334585035169447 0.7117117117117117
[FOLD 7] 13: 0.5204833778175147 0.7567567567567568 0.5870190182247678 0.6846846846846847
[FOLD 8] 13: 0.5661890184557116 0.7567567567567568 0.4693881541759044 0.8198198198198198
[FOLD 9] 13: 0.4389018153285121 0.8198198198198198 0.44830576578776044 0.7927927927927928
[FOLD 10] 13: 0.42249146882478184 0.8288288288288288 0.5328142983572823 0.7857142857142857
