[FOLD 1] 16: 0.41271413635399384 0.864406779661017 0.535028837494931 0.7542372881355932
[FOLD 2] 16: 0.4700344962588811 0.8305084745762712 0.46109019194619133 0.788135593220339
[FOLD 3] 16: 0.4377441214302839 0.8305084745762712 0.4558193279524981 0.788135593220339
[FOLD 4] 16: 0.45075655286594973 0.8050847457627118 0.5556863758523586 0.7796610169491526
[FOLD 5] 16: 0.5260845362129858 0.8135593220338984 0.45615145008442765 0.8220338983050848
[FOLD 6] 16: 0.4252403353230428 0.8559322033898306 0.5211515780222618 0.7796610169491526
[FOLD 7] 16: 0.47129867844662426 0.7966101694915254 0.5281005724001739 0.7288135593220338
[FOLD 8] 16: 0.5085310895564192 0.7796610169491526 0.4291889942609347 0.8034188034188035
[FOLD 9] 16: 0.40625723253967416 0.8376068376068376 0.48094250809433114 0.7777777777777778
[FOLD 10] 16: 0.5035584217462784 0.7777777777777778 0.4322455990112434 0.8050847457627118
