[FOLD 1] 5: 0.5235354219164167 0.8125 0.5344491345541817 0.7232142857142857
[FOLD 2] 5: 0.5351128237588065 0.75 0.7840209007263184 0.7053571428571429
[FOLD 3] 5: 0.48823584829057964 0.7678571428571429 0.5236407443209812 0.7027027027027027
[FOLD 4] 5: 0.5116828712257179 0.8018018018018018 0.4542769698409347 0.8018018018018018
[FOLD 5] 5: 0.45767844260275903 0.8288288288288288 0.4893071629979589 0.8198198198198198
[FOLD 6] 5: 0.4896772917326506 0.8288288288288288 0.42708178683444187 0.8198198198198198
[FOLD 7] 5: 0.3951094000189154 0.8738738738738738 0.554095087824641 0.7027027027027027
[FOLD 8] 5: 0.5202109190794799 0.7477477477477478 0.5233248461474169 0.7477477477477478
[FOLD 9] 5: 0.5164979127076295 0.7747747747747747 0.4867541682612789 0.7567567567567568
[FOLD 10] 5: 0.4588815500070383 0.8198198198198198 0.6086236408778599 0.7410714285714286
