[FOLD 1] 15: 0.36095605462284414 0.864406779661017 0.7222311476529655 0.6694915254237288
[FOLD 2] 15: 0.5760344630580837 0.7372881355932204 0.42768406867980957 0.8050847457627118
[FOLD 3] 15: 0.41451396275374847 0.847457627118644 0.5077461883173151 0.7457627118644068
[FOLD 4] 15: 0.4781474349862438 0.7966101694915254 0.36391973899582686 0.8220338983050848
[FOLD 5] 15: 0.31391349586389833 0.8983050847457628 0.601381475642576 0.788135593220339
[FOLD 6] 15: 0.47083661919933256 0.8050847457627118 0.5538174398874832 0.7627118644067796
[FOLD 7] 15: 0.5178247771020663 0.8050847457627118 0.42865967144400385 0.847457627118644
[FOLD 8] 15: 0.38205378035367543 0.847457627118644 0.4359408311354808 0.7692307692307693
[FOLD 9] 15: 0.4140934261501345 0.8205128205128205 0.5449102923401401 0.7692307692307693
[FOLD 10] 15: 0.4925461019206251 0.8034188034188035 0.4082351094585354 0.8135593220338984
