[FOLD 1] 19: 0.5242117501921573 0.7966101694915254 0.49128272573826676 0.7796610169491526
[FOLD 2] 19: 0.44891719292786164 0.8389830508474576 0.48733157222553836 0.7796610169491526
[FOLD 3] 19: 0.467356763653836 0.788135593220339 0.529280923180661 0.8050847457627118
[FOLD 4] 19: 0.4873861539161811 0.8389830508474576 0.5098024485474926 0.7627118644067796
[FOLD 5] 19: 0.45764580318483256 0.8220338983050848 0.44675072775048724 0.8220338983050848
[FOLD 6] 19: 0.43915692931514677 0.8559322033898306 0.5331962856195741 0.7288135593220338
[FOLD 7] 19: 0.5073727167258828 0.7966101694915254 0.46726259841757306 0.7542372881355932
[FOLD 8] 19: 0.46828141151848485 0.788135593220339 0.3957811563442915 0.811965811965812
[FOLD 9] 19: 0.3715240507044344 0.8632478632478633 0.4483024213049147 0.7948717948717948
[FOLD 10] 19: 0.4296313238959027 0.8205128205128205 0.5687064700207468 0.788135593220339
