[FOLD 1] 3: 0.47283635820661274 0.7767857142857143 0.4858169215066092 0.7589285714285714
[FOLD 2] 3: 0.4775162764957973 0.7767857142857143 0.45593694278172087 0.8035714285714286
[FOLD 3] 3: 0.42283555439540316 0.8571428571428571 0.6600229761621974 0.6576576576576577
[FOLD 4] 3: 0.5959649988122888 0.7297297297297297 0.5724312034813134 0.7387387387387387
[FOLD 5] 3: 0.543420155843099 0.7927927927927928 0.47994630830781954 0.7567567567567568
[FOLD 6] 3: 0.451942203281162 0.8018018018018018 0.5182419854241449 0.7207207207207207
[FOLD 7] 3: 0.5150859248530757 0.7657657657657657 0.44606014629742047 0.8018018018018018
[FOLD 8] 3: 0.38961200885944536 0.8648648648648649 0.515903850933453 0.7657657657657657
[FOLD 9] 3: 0.4651451454506264 0.8108108108108109 0.5374205305769637 0.7477477477477478
[FOLD 10] 3: 0.506317138671875 0.7837837837837838 0.48939718518938335 0.75
