[FOLD 1] 18: 0.4301156997680664 0.8214285714285714 0.6193216187613351 0.6875
[FOLD 2] 18: 0.5480240072522845 0.7589285714285714 0.5127879551478794 0.7678571428571429
[FOLD 3] 18: 0.4848992143358503 0.7767857142857143 0.495219256426837 0.7207207207207207
[FOLD 4] 18: 0.47304754858618386 0.8018018018018018 0.41245596258489936 0.8378378378378378
[FOLD 5] 18: 0.40421803792317706 0.8468468468468469 0.4943409825230504 0.7747747747747747
[FOLD 6] 18: 0.46318239779085724 0.8198198198198198 0.5089459462208791 0.7297297297297297
[FOLD 7] 18: 0.47737028792097763 0.7837837837837838 0.5503980963079779 0.7387387387387387
[FOLD 8] 18: 0.5229479815508868 0.7657657657657657 0.6615923632372607 0.7027027027027027
[FOLD 9] 18: 0.5668340803266646 0.7837837837837838 0.5106846921078794 0.7747747747747747
[FOLD 10] 18: 0.430883974642367 0.8288288288288288 0.4480400766645159 0.7946428571428571
