[FOLD 1] 15: 0.4724764483315604 0.7678571428571429 0.46352321760995047 0.8035714285714286
[FOLD 2] 15: 0.4272099903651646 0.8392857142857143 0.49314182145254953 0.7410714285714286
[FOLD 3] 15: 0.4808404786246164 0.8214285714285714 0.44059756854632953 0.7837837837837838
[FOLD 4] 15: 0.43528603218697215 0.8198198198198198 0.5922474904103322 0.7207207207207207
[FOLD 5] 15: 0.5512399072045678 0.7477477477477478 0.6114429783176731 0.7567567567567568
[FOLD 6] 15: 0.5934927313177435 0.7477477477477478 0.6208083694045609 0.7297297297297297
[FOLD 7] 15: 0.4390333364675711 0.7927927927927928 0.5023695799681518 0.7387387387387387
[FOLD 8] 15: 0.47167236740524704 0.7837837837837838 0.5325679607219524 0.7747747747747747
[FOLD 9] 15: 0.49322317312429614 0.8198198198198198 0.537806021200644 0.7297297297297297
[FOLD 10] 15: 0.4732148453995988 0.8108108108108109 0.49943954604012625 0.6964285714285714
