[FOLD 1] 0: 0.3703154254767854 0.864406779661017 0.4974476796085552 0.788135593220339
[FOLD 2] 0: 0.4566082737203372 0.8050847457627118 0.45386616860405876 0.8135593220338984
[FOLD 3] 0: 0.4383249272734432 0.8305084745762712 0.4585920784433009 0.7796610169491526
[FOLD 4] 0: 0.4425808534783832 0.8135593220338984 0.37400943950071175 0.8220338983050848
[FOLD 5] 0: 0.3536413675647671 0.864406779661017 0.3713949145907063 0.847457627118644
[FOLD 6] 0: 0.34323741167278615 0.864406779661017 0.6105560064315796 0.7033898305084746
[FOLD 7] 0: 0.5501823021193682 0.7796610169491526 0.4662507843163054 0.8220338983050848
[FOLD 8] 0: 0.4584222345028893 0.8305084745762712 0.6200006232302413 0.7350427350427351
[FOLD 9] 0: 0.6166508116273799 0.7350427350427351 0.578878052214272 0.7521367521367521
[FOLD 10] 0: 0.5713484623493292 0.7948717948717948 0.39339956590684794 0.7966101694915254
