[FOLD 1] 6: 0.5253172601972308 0.7678571428571429 0.47739120892116 0.7767857142857143
[FOLD 2] 6: 0.45830375807625906 0.8125 0.4842615468161447 0.8035714285714286
[FOLD 3] 6: 0.46006332124982563 0.8303571428571429 0.5631560591964034 0.7387387387387387
[FOLD 4] 6: 0.4976197320061761 0.8108108108108109 0.5235969612190315 0.7027027027027027
[FOLD 5] 6: 0.5191613961984446 0.7657657657657657 0.5320610871186128 0.7927927927927928
[FOLD 6] 6: 0.5303694578978393 0.7927927927927928 0.5665126491237331 0.7117117117117117
[FOLD 7] 6: 0.47238489099451014 0.8198198198198198 0.5611539273648649 0.7567567567567568
[FOLD 8] 6: 0.5157217420973219 0.7837837837837838 0.5263606578380138 0.7387387387387387
[FOLD 9] 6: 0.46727264679230013 0.7927927927927928 0.5601844443931235 0.6846846846846847
[FOLD 10] 6: 0.5385357281109234 0.7477477477477478 0.538823161806379 0.7053571428571429
