[FOLD 1] 16: 0.49969683374677387 0.7767857142857143 0.48703248160226004 0.7589285714285714
[FOLD 2] 16: 0.4662309374128069 0.8125 0.600550787789481 0.7410714285714286
[FOLD 3] 16: 0.5389163153512138 0.7678571428571429 0.494868854144672 0.8108108108108109
[FOLD 4] 16: 0.41734300218186937 0.8918918918918919 0.4428057627634959 0.8108108108108109
[FOLD 5] 16: 0.40761631458729236 0.8288288288288288 0.5681243071684966 0.6936936936936937
[FOLD 6] 16: 0.544784099132091 0.7477477477477478 0.5317489005423881 0.7387387387387387
[FOLD 7] 16: 0.506039284371041 0.7837837837837838 0.5326039082295185 0.7297297297297297
[FOLD 8] 16: 0.5214055379231771 0.7837837837837838 2.34179907446509 0.7747747747747747
[FOLD 9] 16: 0.5584120535635734 0.8018018018018018 0.5886574135170327 0.6666666666666666
[FOLD 10] 16: 0.48145967775636966 0.8018018018018018 0.5157693794795445 0.75
