[FOLD 1] 1: 0.4552966867174421 0.8392857142857143 0.48410173824855257 0.7589285714285714
[FOLD 2] 1: 0.4766333443777902 0.7857142857142857 0.4960202489580427 0.7946428571428571
[FOLD 3] 1: 0.5055884293147496 0.7946428571428571 0.532737903766804 0.7567567567567568
[FOLD 4] 1: 0.5062325967324747 0.7747747747747747 0.4809000857241519 0.8018018018018018
[FOLD 5] 1: 0.453732189831433 0.8468468468468469 0.5806336961351 0.7117117117117117
[FOLD 6] 1: 0.5190915631818341 0.7207207207207207 0.5174493188256616 0.7567567567567568
[FOLD 7] 1: 0.4907947230983425 0.7747747747747747 0.6895751953125 0.7027027027027027
[FOLD 8] 1: 0.5122560380815385 0.7927927927927928 0.5099471496032165 0.7567567567567568
[FOLD 9] 1: 0.48592225495759434 0.8198198198198198 0.492097012631528 0.7657657657657657
[FOLD 10] 1: 0.4752814834182327 0.8108108108108109 0.4886218139103481 0.7857142857142857
