[FOLD 1] 3: 0.5569538989309537 0.7627118644067796 0.5640733201624983 0.7203389830508474
[FOLD 2] 3: 0.5469499422331988 0.7966101694915254 0.4778041617345002 0.7796610169491526
[FOLD 3] 3: 0.42357109966924633 0.8135593220338984 0.4916715207746473 0.8050847457627118
[FOLD 4] 3: 0.3493159574977422 0.8389830508474576 0.38631594761953514 0.847457627118644
[FOLD 5] 3: 0.3798056108466649 0.8559322033898306 0.6687765010332657 0.7966101694915254
[FOLD 6] 3: 0.50857127318948 0.8050847457627118 0.5352906109923024 0.6694915254237288
[FOLD 7] 3: 0.45596345703480606 0.8389830508474576 0.4955044065491628 0.7542372881355932
[FOLD 8] 3: 0.4745278217024722 0.8135593220338984 0.4276369229341165 0.811965811965812
[FOLD 9] 3: 0.41838955879211426 0.8376068376068376 0.4134583931702834 0.8290598290598291
[FOLD 10] 3: 0.41128912135067147 0.811965811965812 0.6014104586536602 0.7288135593220338
