[FOLD 1] 19: 0.4834043298448835 0.7857142857142857 0.5142287526811872 0.75
[FOLD 2] 19: 0.4878241334642683 0.8125 0.5496088436671666 0.75
[FOLD 3] 19: 0.5105650424957275 0.7678571428571429 0.4980875651041667 0.7837837837837838
[FOLD 4] 19: 0.46986330736864795 0.7927927927927928 0.5820045814857827 0.7297297297297297
[FOLD 5] 19: 0.5298348160477372 0.7837837837837838 0.5062779950665998 0.7477477477477478
[FOLD 6] 19: 0.46314077978735574 0.7927927927927928 0.5575512722805813 0.7477477477477478
[FOLD 7] 19: 0.5260014920621305 0.8018018018018018 0.5334539327535543 0.7297297297297297
[FOLD 8] 19: 0.4568117502573374 0.8198198198198198 0.4573594857980539 0.8018018018018018
[FOLD 9] 19: 0.4396051973909945 0.8288288288288288 0.5001724518097199 0.7747747747747747
[FOLD 10] 19: 0.4715140402854026 0.8108108108108109 0.48970297404697966 0.7678571428571429
