[FOLD 1] 5: 0.4136990015789614 0.864406779661017 0.46879976987838745 0.788135593220339
[FOLD 2] 5: 0.443564259399802 0.8305084745762712 0.5639374215724104 0.7542372881355932
[FOLD 3] 5: 0.5468957333241479 0.8050847457627118 0.6132713657314495 0.6779661016949152
[FOLD 4] 5: 0.5826695106797299 0.7372881355932204 0.5555125737594346 0.7711864406779662
[FOLD 5] 5: 0.44695717601452845 0.847457627118644 0.32742370185205494 0.864406779661017
[FOLD 6] 5: 0.29861297849881446 0.8983050847457628 0.3425782772444062 0.8305084745762712
[FOLD 7] 5: 0.3455932332297503 0.8813559322033898 0.39282246060290577 0.8135593220338984
[FOLD 8] 5: 0.3535980405443806 0.8728813559322034 0.6113543398359902 0.7435897435897436
[FOLD 9] 5: 0.5534223898863181 0.7521367521367521 0.5731040086501684 0.7264957264957265
[FOLD 10] 5: 0.5733645695906419 0.7435897435897436 0.42593040708768165 0.8220338983050848
