[FOLD 1] 2: 0.47052401405269817 0.788135593220339 0.5361925080671148 0.788135593220339
[FOLD 2] 2: 0.49181990300194695 0.788135593220339 0.38375878030970945 0.8559322033898306
[FOLD 3] 2: 0.34248651841939504 0.8983050847457628 0.6436741008596906 0.7457627118644068
[FOLD 4] 2: 0.5278891668481341 0.7796610169491526 0.5712370700755361 0.7203389830508474
[FOLD 5] 2: 0.5017337253538229 0.8050847457627118 0.47086040650383904 0.8135593220338984
[FOLD 6] 2: 0.3920109231593245 0.864406779661017 0.44224153534840727 0.7711864406779662
[FOLD 7] 2: 0.43254779152951 0.8559322033898306 0.5201290593308917 0.8050847457627118
[FOLD 8] 2: 0.47719065516681997 0.8135593220338984 0.46110950168381387 0.8290598290598291
[FOLD 9] 2: 0.47864098222846657 0.8290598290598291 0.47988263154641175 0.7606837606837606
[FOLD 10] 2: 0.4302660338899009 0.8290598290598291 0.45628665059299794 0.7966101694915254
