[FOLD 1] 17: 0.42987376249442666 0.8389830508474576 0.5336891826936754 0.788135593220339
[FOLD 2] 17: 0.4593650324869964 0.8389830508474576 0.6179623351258746 0.7627118644067796
[FOLD 3] 17: 0.5021627424126964 0.7627118644067796 0.4484701419280747 0.8050847457627118
[FOLD 4] 17: 0.43412502589872326 0.8305084745762712 0.41786369024696995 0.8305084745762712
[FOLD 5] 17: 0.4478572839397495 0.8389830508474576 0.49481735997280835 0.8050847457627118
[FOLD 6] 17: 0.4737587561041622 0.8305084745762712 0.5187095827975515 0.7542372881355932
[FOLD 7] 17: 0.5109928482669895 0.788135593220339 0.46595827805793893 0.788135593220339
[FOLD 8] 17: 0.42468204639725765 0.8389830508474576 0.47202673223283553 0.7777777777777778
[FOLD 9] 17: 0.4353828909050705 0.8461538461538461 0.4901790007566794 0.7350427350427351
[FOLD 10] 17: 0.4809764796852047 0.811965811965812 0.4446983761706595 0.788135593220339
