[FOLD 1] 10: 0.4178234328657894 0.8305084745762712 0.473975387670226 0.8135593220338984
[FOLD 2] 10: 0.41446417974213423 0.847457627118644 0.4277508193153446 0.788135593220339
[FOLD 3] 10: 0.3937577534530122 0.864406779661017 0.38358279406014134 0.8220338983050848
[FOLD 4] 10: 0.38380984835705517 0.8389830508474576 0.5322077860266475 0.7966101694915254
[FOLD 5] 10: 0.4928672748096919 0.8135593220338984 0.47449242866645425 0.8135593220338984
[FOLD 6] 10: 0.4042358216592821 0.847457627118644 0.7756941177077212 0.6779661016949152
[FOLD 7] 10: 0.6335349194074081 0.711864406779661 0.4289240958326954 0.8220338983050848
[FOLD 8] 10: 0.4396471896414029 0.864406779661017 0.45027815582405806 0.8034188034188035
[FOLD 9] 10: 0.4202295602896275 0.8461538461538461 0.5344352701790313 0.7606837606837606
[FOLD 10] 10: 0.4957708915074666 0.811965811965812 0.44594881292116845 0.7711864406779662
