[FOLD 1] 11: 0.45210661206926617 0.8035714285714286 0.5901673180716378 0.7053571428571429
[FOLD 2] 11: 0.5392273153577533 0.75 0.5330399104527065 0.8035714285714286
[FOLD 3] 11: 0.4345239911760603 0.8392857142857143 0.4933620830913922 0.7297297297297297
[FOLD 4] 11: 0.48213470733917513 0.8018018018018018 0.48222107071060316 0.7747747747747747
[FOLD 5] 11: 0.47211380692215654 0.8018018018018018 0.4517788586315808 0.7747747747747747
[FOLD 6] 11: 0.38754458040804474 0.8558558558558559 0.5988428614161037 0.7027027027027027
[FOLD 7] 11: 0.5115091822168849 0.7657657657657657 0.5828616855380772 0.7117117117117117
[FOLD 8] 11: 0.47904249998900267 0.8018018018018018 0.4581589226250176 0.8018018018018018
[FOLD 9] 11: 0.42569712046030406 0.8018018018018018 0.587708550530511 0.7477477477477478
[FOLD 10] 11: 0.5465548747294658 0.7567567567567568 0.49371279988970074 0.7589285714285714
