[FOLD 1] 2: 0.4833567142486572 0.8035714285714286 0.4922379084995815 0.7946428571428571
[FOLD 2] 2: 0.48020546776907785 0.8035714285714286 0.42213732855660574 0.8035714285714286
[FOLD 3] 2: 0.5323011875152588 0.8214285714285714 0.6168540748389991 0.6486486486486487
[FOLD 4] 2: 0.5515825426256334 0.7837837837837838 0.48415711548951296 0.8108108108108109
[FOLD 5] 2: 0.43886370272249786 0.8558558558558559 0.46978935035499364 0.7567567567567568
[FOLD 6] 2: 0.4381422781729483 0.8198198198198198 0.5025716901899459 0.7207207207207207
[FOLD 7] 2: 0.49076932614988034 0.7747747747747747 0.4906251237199113 0.7387387387387387
[FOLD 8] 2: 0.4770441484880877 0.7927927927927928 0.5911448023340724 0.7027027027027027
[FOLD 9] 2: 0.5499173413525831 0.7387387387387387 0.5709339176212345 0.7387387387387387
[FOLD 10] 2: 0.5454923956243841 0.7477477477477478 0.5118499823978969 0.75
