[FOLD 1] 11: 0.42335913646019113 0.8220338983050848 0.4725688584780289 0.788135593220339
[FOLD 2] 11: 0.4531134821600833 0.8305084745762712 0.4638466006618435 0.7627118644067796
[FOLD 3] 11: 0.443238181582952 0.8389830508474576 0.5639795893329685 0.7288135593220338
[FOLD 4] 11: 0.5079225200717732 0.7796610169491526 0.5107173970190145 0.847457627118644
[FOLD 5] 11: 0.4845164771807396 0.8135593220338984 0.42709190562620003 0.8135593220338984
[FOLD 6] 11: 0.36680384106555225 0.8559322033898306 0.5365911338288906 0.7457627118644068
[FOLD 7] 11: 0.5035485059528028 0.7966101694915254 0.5548298353865996 0.7457627118644068
[FOLD 8] 11: 0.5167838335037231 0.7711864406779662 0.37049162693512744 0.8803418803418803
[FOLD 9] 11: 0.32586803599300546 0.8974358974358975 0.5287109720401275 0.811965811965812
[FOLD 10] 11: 0.5018050854022686 0.8205128205128205 0.42992800171092405 0.8050847457627118
