[FOLD 1] 13: 0.47031444816266077 0.8220338983050848 0.5908673688516779 0.7033898305084746
[FOLD 2] 13: 0.5351635086334358 0.7966101694915254 0.5351713845285319 0.8050847457627118
[FOLD 3] 13: 0.4720968614190312 0.8220338983050848 0.4575290296037318 0.788135593220339
[FOLD 4] 13: 0.44723661218659355 0.8050847457627118 0.4311673600794905 0.7966101694915254
[FOLD 5] 13: 0.43430117429313014 0.8135593220338984 0.44958025318081096 0.8050847457627118
[FOLD 6] 13: 0.4317817112146798 0.8559322033898306 0.4808214357343771 0.7457627118644068
[FOLD 7] 13: 0.42144131660461426 0.8389830508474576 0.5016797760785636 0.7627118644067796
[FOLD 8] 13: 0.4911921660778886 0.7966101694915254 0.544649562265119 0.7948717948717948
[FOLD 9] 13: 0.5108847567158886 0.811965811965812 0.4198228956287743 0.8290598290598291
[FOLD 10] 13: 0.3735916145846375 0.8461538461538461 0.46660518242140947 0.7796610169491526
