[FOLD 1] 4: 0.4799876553671701 0.7857142857142857 0.7494894436427525 0.6964285714285714
[FOLD 2] 4: 0.4531411443437849 0.8392857142857143 0.5986022268022809 0.6785714285714286
[FOLD 3] 4: 0.5214805603027344 0.7232142857142857 0.5273903511665963 0.7567567567567568
[FOLD 4] 4: 0.4784066140114724 0.8198198198198198 0.47623508900135486 0.7657657657657657
[FOLD 5] 4: 0.4351581539119686 0.8288288288288288 0.5270446227477478 0.7117117117117117
[FOLD 6] 4: 0.4979601679621516 0.7747747747747747 0.5849569509695242 0.7567567567567568
[FOLD 7] 4: 0.5001520036577104 0.8198198198198198 0.5205469217386332 0.7567567567567568
[FOLD 8] 4: 0.49055484393695453 0.8108108108108109 0.5889436189118806 0.7117117117117117
[FOLD 9] 4: 0.5286231513495918 0.8108108108108109 0.5560381433985255 0.7387387387387387
[FOLD 10] 4: 0.46517311989724097 0.8018018018018018 0.46360536984034945 0.7678571428571429
