[FOLD 1] 12: 0.4892258644104004 0.7767857142857143 0.7040019035339355 0.7767857142857143
[FOLD 2] 12: 0.5485319410051618 0.7678571428571429 0.5505970205579486 0.8035714285714286
[FOLD 3] 12: 0.5294461250305176 0.8125 0.5889291849222269 0.6846846846846847
[FOLD 4] 12: 0.5796810528179547 0.7027027027027027 0.47890441482131546 0.7927927927927928
[FOLD 5] 12: 0.4301836855776675 0.8288288288288288 0.46309063885663004 0.8018018018018018
[FOLD 6] 12: 0.4479246053609762 0.8108108108108109 0.4290566315522065 0.7567567567567568
[FOLD 7] 12: 0.4261713801203547 0.8198198198198198 0.539187697676925 0.7657657657657657
[FOLD 8] 12: 0.5176983395138303 0.8198198198198198 0.5365743207501935 0.7747747747747747
[FOLD 9] 12: 0.4387356526142842 0.8108108108108109 0.49101793443834457 0.8108108108108109
[FOLD 10] 12: 0.44731500986460093 0.8378378378378378 0.5249679429190499 0.7232142857142857
