[FOLD 1] 14: 0.44508467401776997 0.8035714285714286 0.5333500589643206 0.7589285714285714
[FOLD 2] 14: 0.4563952514103481 0.7946428571428571 0.5973284585135323 0.7142857142857143
[FOLD 3] 14: 0.5476119858877999 0.7857142857142857 0.5445208506541209 0.7387387387387387
[FOLD 4] 14: 0.5052919473733988 0.8108108108108109 0.46123968588339315 0.7747747747747747
[FOLD 5] 14: 0.4412542807089316 0.8018018018018018 0.5727910565900373 0.6846846846846847
[FOLD 6] 14: 0.5541180447415188 0.7567567567567568 0.4986052641997466 0.7747747747747747
[FOLD 7] 14: 0.4569581177857545 0.8018018018018018 0.5601524146827491 0.7297297297297297
[FOLD 8] 14: 0.5176426655537373 0.7657657657657657 0.46406149649405265 0.7567567567567568
[FOLD 9] 14: 0.44036253508146816 0.8288288288288288 0.490177532574078 0.7477477477477478
[FOLD 10] 14: 0.4613427858094911 0.8108108108108109 0.4674685001373291 0.7767857142857143
