[FOLD 1] 8: 0.4625572895599624 0.8220338983050848 0.4846828347545559 0.7711864406779662
[FOLD 2] 8: 0.45829638788255594 0.7966101694915254 0.49510751588869906 0.7457627118644068
[FOLD 3] 8: 0.47632475626670706 0.7966101694915254 0.5398849733805252 0.711864406779661
[FOLD 4] 8: 0.5132415011777716 0.7457627118644068 0.47227661690469513 0.8050847457627118
[FOLD 5] 8: 0.37110867591227514 0.864406779661017 0.5818445733038046 0.7966101694915254
[FOLD 6] 8: 0.5186145628912974 0.8135593220338984 0.502913306325169 0.7711864406779662
[FOLD 7] 8: 0.4359908154455282 0.8220338983050848 0.48278777882204216 0.7711864406779662
[FOLD 8] 8: 0.4837496472617327 0.8050847457627118 0.5009538026956412 0.8034188034188035
[FOLD 9] 8: 0.4686664190047827 0.8376068376068376 0.413429550635509 0.8461538461538461
[FOLD 10] 8: 0.3944763953869159 0.8547008547008547 0.48720026117260173 0.7966101694915254
