[FOLD 1] 1: 0.4081875712184583 0.8728813559322034 0.4530999135162871 0.7966101694915254
[FOLD 2] 1: 0.43631296036607126 0.8305084745762712 0.4821137897038864 0.7372881355932204
[FOLD 3] 1: 0.4752465961343151 0.788135593220339 0.5447789481130697 0.7457627118644068
[FOLD 4] 1: 0.5068123461836476 0.8050847457627118 0.4871030156895266 0.7796610169491526
[FOLD 5] 1: 0.45200695223727466 0.8305084745762712 0.4257513719089961 0.8220338983050848
[FOLD 6] 1: 0.3948717198129428 0.8728813559322034 0.42007852812944835 0.7796610169491526
[FOLD 7] 1: 0.39286402928627145 0.847457627118644 0.44715049408249935 0.8389830508474576
[FOLD 8] 1: 0.43003282001463033 0.847457627118644 0.4903607164692675 0.7863247863247863
[FOLD 9] 1: 0.47025534434196276 0.8205128205128205 0.5802965734758948 0.7350427350427351
[FOLD 10] 1: 0.5701149172253079 0.7606837606837606 0.4487127338425588 0.8389830508474576
