[FOLD 1] 4: 0.3151692838992103 0.9152542372881356 0.5247407050456031 0.7711864406779662
[FOLD 2] 4: 0.5033255977145696 0.7796610169491526 0.4689730042118137 0.8220338983050848
[FOLD 3] 4: 0.4692836737228652 0.8220338983050848 0.49683089983665335 0.8050847457627118
[FOLD 4] 4: 0.46820145239264277 0.8220338983050848 0.4691001257653964 0.788135593220339
[FOLD 5] 4: 0.4237763659428742 0.8305084745762712 0.46757668256759644 0.7796610169491526
[FOLD 6] 4: 0.40320348234499914 0.847457627118644 0.47947924925109087 0.7966101694915254
[FOLD 7] 4: 0.42410784050569694 0.8559322033898306 0.5471930705894859 0.7542372881355932
[FOLD 8] 4: 0.5245181786811958 0.7796610169491526 0.5501074363023807 0.7606837606837606
[FOLD 9] 4: 0.5161809371067927 0.8034188034188035 0.5059010116463034 0.7692307692307693
[FOLD 10] 4: 0.46627818213568795 0.811965811965812 0.3980659893003561 0.8559322033898306
