[FOLD 1] 7: 0.4587638718741281 0.8214285714285714 0.4976837635040283 0.7589285714285714
[FOLD 2] 7: 0.4819224902561733 0.7857142857142857 0.4710249219621931 0.7946428571428571
[FOLD 3] 7: 0.44027209281921387 0.8214285714285714 0.7042770385742188 0.8108108108108109
[FOLD 4] 7: 0.42615247846723675 0.8558558558558559 0.6417622609181447 0.7027027027027027
[FOLD 5] 7: 0.5650857117798951 0.7477477477477478 0.5404381623139253 0.7207207207207207
[FOLD 6] 7: 0.48747789537584457 0.8018018018018018 0.4607313345144461 0.7837837837837838
[FOLD 7] 7: 0.42382187027115004 0.8198198198198198 0.6496208122184685 0.6846846846846847
[FOLD 8] 7: 0.577734526213225 0.7567567567567568 0.5363188047666807 0.7027027027027027
[FOLD 9] 7: 0.539500262286212 0.7477477477477478 0.45303925522812855 0.8018018018018018
[FOLD 10] 7: 0.467906024004962 0.8198198198198198 0.48427190099443707 0.7767857142857143
