[FOLD 1] 6: 0.5083942817429364 0.7966101694915254 0.4635422987453008 0.7627118644067796
[FOLD 2] 6: 0.43164955155324125 0.8050847457627118 0.6128998580625502 0.7457627118644068
[FOLD 3] 6: 0.5257914147134555 0.8050847457627118 0.4721996541750633 0.7966101694915254
[FOLD 4] 6: 0.4624459400015362 0.8389830508474576 0.49931637513435495 0.7627118644067796
[FOLD 5] 6: 0.4662094560720153 0.8220338983050848 0.4958273717912577 0.7966101694915254
[FOLD 6] 6: 0.4751235792192362 0.8050847457627118 0.5028467511726638 0.7796610169491526
[FOLD 7] 6: 0.4731356521784249 0.8135593220338984 0.44906075324042366 0.7796610169491526
[FOLD 8] 6: 0.4246362669993255 0.8050847457627118 0.46159888740278715 0.7692307692307693
[FOLD 9] 6: 0.39386713886872315 0.8547008547008547 0.45160858651511687 0.7948717948717948
[FOLD 10] 6: 0.4055178715632512 0.8461538461538461 0.5013446545196791 0.7966101694915254
