[FOLD 1] 9: 0.43884716296600085 0.8050847457627118 0.5050304885637962 0.7711864406779662
[FOLD 2] 9: 0.46661233598903074 0.8135593220338984 0.47143581358052916 0.7627118644067796
[FOLD 3] 9: 0.48263628300973926 0.7966101694915254 0.5032067197864338 0.7457627118644068
[FOLD 4] 9: 0.4803525876190703 0.8305084745762712 0.46266948873713865 0.7796610169491526
[FOLD 5] 9: 0.42822859347876857 0.8305084745762712 0.4405875125173795 0.7966101694915254
[FOLD 6] 9: 0.44035692134145965 0.8220338983050848 0.48369434526411154 0.788135593220339
[FOLD 7] 9: 0.4564117395271689 0.8305084745762712 0.4562444292892844 0.8050847457627118
[FOLD 8] 9: 0.4266289654424635 0.8305084745762712 0.5105979136931591 0.7606837606837606
[FOLD 9] 9: 0.4988030633355817 0.7948717948717948 0.4693783409575112 0.7777777777777778
[FOLD 10] 9: 0.45297312328958106 0.8290598290598291 0.4790514929819915 0.7796610169491526
