[FOLD 1] 8: 0.4602377414703369 0.7857142857142857 0.6783793313162667 0.6964285714285714
[FOLD 2] 8: 0.5539845739092145 0.7589285714285714 0.47786647932870047 0.7767857142857143
[FOLD 3] 8: 0.4435642106192453 0.8303571428571429 0.4872557837683875 0.7747747747747747
[FOLD 4] 8: 0.476412008474539 0.8018018018018018 0.49096545657596075 0.7657657657657657
[FOLD 5] 8: 0.4783397708927189 0.8198198198198198 0.5129112724785332 0.7657657657657657
[FOLD 6] 8: 0.44356062605574326 0.8018018018018018 0.5850506344357053 0.6846846846846847
[FOLD 7] 8: 0.5476644017674901 0.7387387387387387 0.4708657823167406 0.8288288288288288
[FOLD 8] 8: 0.46855146390897734 0.8288288288288288 0.5860695366386894 0.6936936936936937
[FOLD 9] 8: 0.5344530397707278 0.7477477477477478 0.5036761309649493 0.7747747747747747
[FOLD 10] 8: 0.47892149504240566 0.7927927927927928 0.5019350733075824 0.7678571428571429
