[FOLD 1] 7: 0.501502653299752 0.7966101694915254 0.3965085643832966 0.8135593220338984
[FOLD 2] 7: 0.42424147209878693 0.8220338983050848 0.5207870350045672 0.788135593220339
[FOLD 3] 7: 0.4658529798863298 0.8305084745762712 0.38616698778281777 0.8050847457627118
[FOLD 4] 7: 0.3351275324821472 0.8728813559322034 0.6040171960652885 0.7711864406779662
[FOLD 5] 7: 0.5056838605363491 0.8050847457627118 0.5095025482824294 0.7457627118644068
[FOLD 6] 7: 0.47310407383967257 0.8050847457627118 0.5900357941449699 0.7288135593220338
[FOLD 7] 7: 0.5276201367378235 0.7711864406779662 0.46109726671445167 0.7627118644067796
[FOLD 8] 7: 0.44146234908346405 0.8135593220338984 0.5611724068975856 0.811965811965812
[FOLD 9] 7: 0.5164343842074403 0.8290598290598291 0.4411676571919368 0.811965811965812
[FOLD 10] 7: 0.3582615674051464 0.8717948717948718 0.586422762628329 0.7457627118644068
