[FOLD 1] 9: 0.4798545837402344 0.8660714285714286 0.492283752986363 0.7589285714285714
[FOLD 2] 9: 0.4669966697692871 0.7857142857142857 0.5400277887071881 0.7410714285714286
[FOLD 3] 9: 0.5077197892325265 0.7767857142857143 0.47880732905757317 0.8018018018018018
[FOLD 4] 9: 0.4574038531329181 0.8108108108108109 0.4615153407191371 0.8198198198198198
[FOLD 5] 9: 0.4593186936936937 0.8288288288288288 0.46156620334934545 0.8108108108108109
[FOLD 6] 9: 0.46177972329629435 0.8018018018018018 0.5294092195528047 0.7117117117117117
[FOLD 7] 9: 0.5162980363175675 0.7567567567567568 0.5630952989732897 0.7477477477477478
[FOLD 8] 9: 0.5163565627089491 0.7837837837837838 0.5576075992068729 0.7297297297297297
[FOLD 9] 9: 0.5162928813212627 0.7837837837837838 0.4931099350387986 0.7567567567567568
[FOLD 10] 9: 0.4446193248302013 0.8108108108108109 0.5589772292545864 0.7142857142857143
